Input Data
   X   Y
0  2  10
1  2   5
2  8   4
3  5   8
4  7   5
5  6   4
6  1   2
7  4   9



____________INITIAL STEP ____________________



ITERATION 0

___________PREVIOUS NEAREST CLUSTERS_________________
None


___________NEAREST CLUSTERS_________________
0    0
1    2
2    1
3    1
4    1
5    1
6    2
7    1
Name: nearest, dtype: object
______DATA FOR ITERATION 0 AFTER DISTANCE CALCULATION_________
   X   Y  C0x  C0y        D0  C1x  C1y        D1  C2x  C2y        D2  meanX  meanY  Example Nr nearest
0  2  10    2   10  0.000000    5    8  3.605551    1    2  8.062258     -1     -1           1       0
1  2   5    2   10  5.000000    5    8  4.242641    1    2  3.162278     -1     -1           2       2
2  8   4    2   10  8.485281    5    8  5.000000    1    2  7.280110     -1     -1           3       1
3  5   8    2   10  3.605551    5    8  0.000000    1    2  7.211103     -1     -1           4       1
4  7   5    2   10  7.071068    5    8  3.605551    1    2  6.708204     -1     -1           5       1
5  6   4    2   10  7.211103    5    8  4.123106    1    2  5.385165     -1     -1           6       1
6  1   2    2   10  8.062258    5    8  7.211103    1    2  0.000000     -1     -1           7       2
7  4   9    2   10  2.236068    5    8  1.414214    1    2  7.615773     -1     -1           8       1 


CLUSTER  0:

Centroid: [2, 10]

Data: 
------------------------
   X   Y  C0x  C0y   D0  C1x  C1y        D1  C2x  C2y        D2  meanX  meanY  Example Nr nearest
0  2  10    2   10  0.0    5    8  3.605551    1    2  8.062258    2.0   10.0           1       0 


CLUSTER  1:

Centroid: [5, 8]

Data: 
------------------------
   X  Y  C0x  C0y        D0  C1x  C1y        D1  C2x  C2y        D2  meanX  meanY  Example Nr nearest
2  8  4    2   10  8.485281    5    8  5.000000    1    2  7.280110    6.0    6.0           3       1
3  5  8    2   10  3.605551    5    8  0.000000    1    2  7.211103    6.0    6.0           4       1
4  7  5    2   10  7.071068    5    8  3.605551    1    2  6.708204    6.0    6.0           5       1
5  6  4    2   10  7.211103    5    8  4.123106    1    2  5.385165    6.0    6.0           6       1
7  4  9    2   10  2.236068    5    8  1.414214    1    2  7.615773    6.0    6.0           8       1 


CLUSTER  2:

Centroid: [1, 2]

Data: 
------------------------
   X  Y  C0x  C0y        D0  C1x  C1y        D1  C2x  C2y        D2  meanX  meanY  Example Nr nearest
1  2  5    2   10  5.000000    5    8  4.242641    1    2  3.162278    1.5    3.5           2       2
6  1  2    2   10  8.062258    5    8  7.211103    1    2  0.000000    1.5    3.5           7       2 


______DATA FOR ITERATION 0 AFTER CENTROID UPDATE_________
   X   Y  C0x   C0y        D0  C1x  C1y        D1  C2x  C2y        D2  meanX  meanY  Example Nr nearest
0  2  10  2.0  10.0  0.000000  6.0  6.0  3.605551  1.5  3.5  8.062258    2.0   10.0           1       0
1  2   5  2.0  10.0  5.000000  6.0  6.0  4.242641  1.5  3.5  3.162278    1.5    3.5           2       2
2  8   4  2.0  10.0  8.485281  6.0  6.0  5.000000  1.5  3.5  7.280110    6.0    6.0           3       1
3  5   8  2.0  10.0  3.605551  6.0  6.0  0.000000  1.5  3.5  7.211103    6.0    6.0           4       1
4  7   5  2.0  10.0  7.071068  6.0  6.0  3.605551  1.5  3.5  6.708204    6.0    6.0           5       1
5  6   4  2.0  10.0  7.211103  6.0  6.0  4.123106  1.5  3.5  5.385165    6.0    6.0           6       1
6  1   2  2.0  10.0  8.062258  6.0  6.0  7.211103  1.5  3.5  0.000000    1.5    3.5           7       2
7  4   9  2.0  10.0  2.236068  6.0  6.0  1.414214  1.5  3.5  7.615773    6.0    6.0           8       1 





____________Further Iterations ____________________



ITERATION 1

___________PREVIOUS NEAREST CLUSTERS_________________
0    0
1    2
2    1
3    1
4    1
5    1
6    2
7    1
Name: nearest, dtype: object


___________NEAREST CLUSTERS AFTER CHECKING DISTANCES_________________
0    0
1    2
2    1
3    1
4    1
5    1
6    2
7    0
Name: nearest, dtype: object
CLUSTER  0:

Centroid: [2.0, 10.0]

Data: 
------------------------
   X   Y  C0x   C0y        D0  C1x  C1y        D1  C2x  C2y        D2  meanX  meanY  Example Nr nearest
0  2  10  2.0  10.0  0.000000  6.0  6.0  5.656854  1.5  3.5  6.519202    3.0    9.5           1       0
7  4   9  2.0  10.0  2.236068  6.0  6.0  3.605551  1.5  3.5  6.041523    3.0    9.5           8       0 


CLUSTER  1:

Centroid: [6.0, 6.0]

Data: 
------------------------
   X  Y  C0x   C0y        D0  C1x  C1y        D1  C2x  C2y        D2  meanX  meanY  Example Nr nearest
2  8  4  2.0  10.0  8.485281  6.0  6.0  2.828427  1.5  3.5  6.519202    6.5   5.25           3       1
3  5  8  2.0  10.0  3.605551  6.0  6.0  2.236068  1.5  3.5  5.700877    6.5   5.25           4       1
4  7  5  2.0  10.0  7.071068  6.0  6.0  1.414214  1.5  3.5  5.700877    6.5   5.25           5       1
5  6  4  2.0  10.0  7.211103  6.0  6.0  2.000000  1.5  3.5  4.527693    6.5   5.25           6       1 


CLUSTER  2:

Centroid: [1.5, 3.5]

Data: 
------------------------
   X  Y  C0x   C0y        D0  C1x  C1y        D1  C2x  C2y        D2  meanX  meanY  Example Nr nearest
1  2  5  2.0  10.0  5.000000  6.0  6.0  4.123106  1.5  3.5  1.581139    1.5    3.5           2       2
6  1  2  2.0  10.0  8.062258  6.0  6.0  6.403124  1.5  3.5  1.581139    1.5    3.5           7       2 


______DATA FOR ITERATION 1 AFTER CENTROID UPDATE_________
   X   Y  C0x  C0y        D0  C1x   C1y        D1  C2x  C2y        D2  meanX  meanY  Example Nr nearest
0  2  10  3.0  9.5  0.000000  6.5  5.25  5.656854  1.5  3.5  6.519202    3.0   9.50           1       0
1  2   5  3.0  9.5  5.000000  6.5  5.25  4.123106  1.5  3.5  1.581139    1.5   3.50           2       2
2  8   4  3.0  9.5  8.485281  6.5  5.25  2.828427  1.5  3.5  6.519202    6.5   5.25           3       1
3  5   8  3.0  9.5  3.605551  6.5  5.25  2.236068  1.5  3.5  5.700877    6.5   5.25           4       1
4  7   5  3.0  9.5  7.071068  6.5  5.25  1.414214  1.5  3.5  5.700877    6.5   5.25           5       1
5  6   4  3.0  9.5  7.211103  6.5  5.25  2.000000  1.5  3.5  4.527693    6.5   5.25           6       1
6  1   2  3.0  9.5  8.062258  6.5  5.25  6.403124  1.5  3.5  1.581139    1.5   3.50           7       2
7  4   9  3.0  9.5  2.236068  6.5  5.25  3.605551  1.5  3.5  6.041523    3.0   9.50           8       0 


ITERATION 2

___________PREVIOUS NEAREST CLUSTERS_________________
0    0
1    2
2    1
3    1
4    1
5    1
6    2
7    0
Name: nearest, dtype: object


___________NEAREST CLUSTERS AFTER CHECKING DISTANCES_________________
0    0
1    2
2    1
3    0
4    1
5    1
6    2
7    0
Name: nearest, dtype: object
CLUSTER  0:

Centroid: [3.0, 9.5]

Data: 
------------------------
   X   Y  C0x  C0y        D0  C1x   C1y        D1  C2x  C2y        D2     meanX  meanY  Example Nr nearest
0  2  10  3.0  9.5  1.118034  6.5  5.25  6.543126  1.5  3.5  6.519202  3.666667    9.0           1       0
3  5   8  3.0  9.5  2.500000  6.5  5.25  3.132491  1.5  3.5  5.700877  3.666667    9.0           4       0
7  4   9  3.0  9.5  1.118034  6.5  5.25  4.506939  1.5  3.5  6.041523  3.666667    9.0           8       0 


CLUSTER  1:

Centroid: [6.5, 5.25]

Data: 
------------------------
   X  Y  C0x  C0y        D0  C1x   C1y        D1  C2x  C2y        D2  meanX     meanY  Example Nr nearest
2  8  4  3.0  9.5  7.433034  6.5  5.25  1.952562  1.5  3.5  6.519202    7.0  4.333333           3       1
4  7  5  3.0  9.5  6.020797  6.5  5.25  0.559017  1.5  3.5  5.700877    7.0  4.333333           5       1
5  6  4  3.0  9.5  6.264982  6.5  5.25  1.346291  1.5  3.5  4.527693    7.0  4.333333           6       1 


CLUSTER  2:

Centroid: [1.5, 3.5]

Data: 
------------------------
   X  Y  C0x  C0y        D0  C1x   C1y        D1  C2x  C2y        D2  meanX  meanY  Example Nr nearest
1  2  5  3.0  9.5  4.609772  6.5  5.25  4.506939  1.5  3.5  1.581139    1.5    3.5           2       2
6  1  2  3.0  9.5  7.762087  6.5  5.25  6.388466  1.5  3.5  1.581139    1.5    3.5           7       2 


______DATA FOR ITERATION 2 AFTER CENTROID UPDATE_________
   X   Y       C0x  C0y        D0  C1x       C1y        D1  C2x  C2y        D2     meanX     meanY  Example Nr nearest
0  2  10  3.666667  9.0  1.118034  7.0  4.333333  6.543126  1.5  3.5  6.519202  3.666667  9.000000           1       0
1  2   5  3.666667  9.0  4.609772  7.0  4.333333  4.506939  1.5  3.5  1.581139  1.500000  3.500000           2       2
2  8   4  3.666667  9.0  7.433034  7.0  4.333333  1.952562  1.5  3.5  6.519202  7.000000  4.333333           3       1
3  5   8  3.666667  9.0  2.500000  7.0  4.333333  3.132491  1.5  3.5  5.700877  3.666667  9.000000           4       0
4  7   5  3.666667  9.0  6.020797  7.0  4.333333  0.559017  1.5  3.5  5.700877  7.000000  4.333333           5       1
5  6   4  3.666667  9.0  6.264982  7.0  4.333333  1.346291  1.5  3.5  4.527693  7.000000  4.333333           6       1
6  1   2  3.666667  9.0  7.762087  7.0  4.333333  6.388466  1.5  3.5  1.581139  1.500000  3.500000           7       2
7  4   9  3.666667  9.0  1.118034  7.0  4.333333  4.506939  1.5  3.5  6.041523  3.666667  9.000000           8       0 


ITERATION 3

___________PREVIOUS NEAREST CLUSTERS_________________
0    0
1    2
2    1
3    0
4    1
5    1
6    2
7    0
Name: nearest, dtype: object


___________NEAREST CLUSTERS AFTER CHECKING DISTANCES_________________
0    0
1    2
2    1
3    0
4    1
5    1
6    2
7    0
Name: nearest, dtype: object
CLUSTER  0:

Centroid: [3.6666666666666665, 9.0]

Data: 
------------------------
   X   Y       C0x  C0y        D0  C1x       C1y        D1  C2x  C2y        D2     meanX  meanY  Example Nr nearest
0  2  10  3.666667  9.0  1.943651  7.0  4.333333  7.557189  1.5  3.5  6.519202  3.666667    9.0           1       0
3  5   8  3.666667  9.0  1.666667  7.0  4.333333  4.176655  1.5  3.5  5.700877  3.666667    9.0           4       0
7  4   9  3.666667  9.0  0.333333  7.0  4.333333  5.547772  1.5  3.5  6.041523  3.666667    9.0           8       0 


CLUSTER  1:

Centroid: [7.0, 4.333333333333333]

Data: 
------------------------
   X  Y       C0x  C0y        D0  C1x       C1y        D1  C2x  C2y        D2  meanX     meanY  Example Nr nearest
2  8  4  3.666667  9.0  6.616478  7.0  4.333333  1.054093  1.5  3.5  6.519202    7.0  4.333333           3       1
4  7  5  3.666667  9.0  5.206833  7.0  4.333333  0.666667  1.5  3.5  5.700877    7.0  4.333333           5       1
5  6  4  3.666667  9.0  5.517648  7.0  4.333333  1.054093  1.5  3.5  4.527693    7.0  4.333333           6       1 


CLUSTER  2:

Centroid: [1.5, 3.5]

Data: 
------------------------
   X  Y       C0x  C0y        D0  C1x       C1y        D1  C2x  C2y        D2  meanX  meanY  Example Nr nearest
1  2  5  3.666667  9.0  4.333333  7.0  4.333333  5.044249  1.5  3.5  1.581139    1.5    3.5           2       2
6  1  2  3.666667  9.0  7.490735  7.0  4.333333  6.437736  1.5  3.5  1.581139    1.5    3.5           7       2 


______DATA FOR ITERATION 3 AFTER CENTROID UPDATE_________
   X   Y       C0x  C0y        D0  C1x       C1y        D1  C2x  C2y        D2     meanX     meanY  Example Nr nearest
0  2  10  3.666667  9.0  1.943651  7.0  4.333333  7.557189  1.5  3.5  6.519202  3.666667  9.000000           1       0
1  2   5  3.666667  9.0  4.333333  7.0  4.333333  5.044249  1.5  3.5  1.581139  1.500000  3.500000           2       2
2  8   4  3.666667  9.0  6.616478  7.0  4.333333  1.054093  1.5  3.5  6.519202  7.000000  4.333333           3       1
3  5   8  3.666667  9.0  1.666667  7.0  4.333333  4.176655  1.5  3.5  5.700877  3.666667  9.000000           4       0
4  7   5  3.666667  9.0  5.206833  7.0  4.333333  0.666667  1.5  3.5  5.700877  7.000000  4.333333           5       1
5  6   4  3.666667  9.0  5.517648  7.0  4.333333  1.054093  1.5  3.5  4.527693  7.000000  4.333333           6       1
6  1   2  3.666667  9.0  7.490735  7.0  4.333333  6.437736  1.5  3.5  1.581139  1.500000  3.500000           7       2
7  4   9  3.666667  9.0  0.333333  7.0  4.333333  5.547772  1.5  3.5  6.041523  3.666667  9.000000           8       0 




Total Iteration count: 4
